702
1983
896
12035
6830
5280453
3893
784
6013
5757
5957
444795
774
6076
3001028
446284
271
264
177
985
5994
5961
764
145068
778
5202
681
977
6322
13849
119
199
222
144
5793
402
5283731
446220
5280450
9750
6083
1060
1103
444899
5282280
5280723
66414
5281
445639
928
5962
280
3614
36314
187
107758
439260
60961
10133
439213
5281969
252
104806
1
1102
5280934
4594
5282379
6047
931
16950
1045
5280360
445638
1032
1054
6419712
6031
449171
5870
6166
124886
5280884
6802
6262
439456
6238
712
961
5280492
24316
5505
5283344
92729
923
5819
14985
68841
4485
5950
13804
5920
6305
444493
445580
33032
5280581
5756
10635
971
9700
11005
750
1150
6057
5283205
813
15993
5280352
444972
305
440996
8977
221493
2206
111
445354
6804
15103
6022
1125
5497182
222528
5497181
1175
5280483
216297
24341
6137
5988
946
5280493
5280914
5280933
6030
6131
439190
903
445675
428
9547243
1194
22833566
10214
5460448
11266
58
71
151725
91528
547
16757548
119219
85782
979
296
51
439434
5280381
11966146
11811
151276
1738
440729
736172
1669
28167170
5816
147899
440851
440113
127
74688
53477854
18068
215
207
469
1112
439255
22253
439164
440606
440604
11966197
169621
22833663
769
35717
8583
121988
439174
440272
311
21918217
1005
65127
440962
445063
439281
439371
265
439855
3036931
15667
439232
1198
446013
5280796
15942888
643976
176
8299
180
96
12599
440940
53477825
10238
447145
160666
760
161500
165388
5284270
5284271
123743
3081958
439161
1030
439350
439231
800
14671060
5280778
880
440420
15942889
439498
440033
239
868
122356
439195
16061151
53477833
5960
52922050
54670067
6267
278
93072
970
53477853
20057332
439573
1123
440685
11953854
171548
75
92135
249
247
83814
962
5326875
160663
443212
11953816
53477852
46173176
53477817
439229
6426855
5280355
16061152
5893
22298942
892
6176
123727
6816
1014
11025495
439254
53477827
586
53477812
637542
2724480
9548602
107738
67678
975
5862
6175
1038
65103
6132
439220
13945
150855
65091
53477733
6133
5459822
13730
71080
71070
210328
83887
45266564
16061154
13711
23724650
439549
119405
599
53477815
53477850
5462164
16061156
23724641
23724644
65059
187790
439273
92746
439577
440558
439423
643975
9860744
5281915
649
93556
439234
1879
561
5282347
64968
1015
6438629
22833524
104857
647
1195
673
53477823
53477844
18396
439316
161255
71082
439191
439418
445713
45934311
91486
1174
1135
13712
65070
101770
9543037
5280564
11966220
440854
53477837
700
122347
5281877
3505109
515
75810
107669
3656
80349
6723
44263365
18665256
73374
143
169691
65543
53477856
439957
186907
443078
24758425
12306765
114833
91508
6654
92747
10467
281
323
657311
768
159656
2966
22833540
12594
98792
70335
122136
104756
3191
11722594
13783824
122281
115255
17106
23617285
440103
6326776
24759
440484
5281426
44348689
10469
12647
10465
6831
8582
61503
5280383
6435286
5280749
5280938
11197
439250
6112
5282457
887
193536
5886
936
123747
5281120
5359597
379
108063
10819
92258
26840
448457
5283078
827
9947823
5280382
1088
443233
5311445
644260
5353956
5312508
92092
440567
9322
387316
53481586
52921801
14505435
152972
91443
3382778
511
122196
108192
119207
1084
5280497
153005
5282761
10883523
79034
7058075
16395893
11954196
11954197
440985
6912
439871
439211
123929
11966132
23724640
189122
65113
3082004
3082227
24892792
53477846
23724649
53477806
25246198
380
440615
165436
14844436
668
756
6101730
751
105021
27284
439313
284
910
6037
5280398
222656
439162
193305
1196
193475
5958
439452
763
439155
439357
11850
160913
130805
863
24906333
663
439446
5281909
5951
439175
439460
2724333
17473
152304
439373
439233
439252
439194
757
753
440018
91493
445995
123938
444791
440650
439214
135
18950
780
440873
6274
439218
11966142
53477803
964
222786
6128
46224536
5280797
22833512
222865
53477678
91451
102030
121935
1053
439744
807
9305
6306
47
811
439709
5289590
161166
472
84571
25701
440717
107689
6106
70
53477834
6450015
53477821
53477819
246983
53477723
439227
65728
5280393
193545
10991489
1237
6329
439869
10663
160645
174549
638129
5280895
449
5462214
729
439455
440211
439586
21252287
439291
439176
644350
440850
65065
439224
145729
439488
146302
164628
161234
14180
7339
53477721
440849
938
439236
91531
65063
49
7405
160617
967
53477676
160520
193321
439479
3080603
53481409
53477906
121948
65094
123976
5280745
999
987
5280673
1055
1001
25137904
69507
439183
445049
5282411
165620
11966267
6140
997
439640
1004
439400
3440921
644102
439954
439905
145742
121885
11199982
1050
1051
6029
638015
6436079
5280490
151261
9904001
439924
1117
160556
5780
440690
5353955
128973
439415
11975273
53477835
1110
1100
9378
1132
129803
133
5789
440120
7427
5283713
53477791
5610
22833661
53477679
5880
6287
53477686
23657849
1188
790
439179
118
670
65533
378
65074
440653
16048618
53297342
440775
440776
439544
444485
190
440867
972
48
440714
644175
101399
227
440101
439184
3082152
73323
309
68152
107812
1052
169508
164735
122357
22833559
22833583
439436
137
984
6058
998
1076
11953879
70949
3469
11953835
487
165491
440753
440565
439396
440117
5810
46173358
11953814
5280625
5699
440741
439742
440566
440603
11966179
46173488
11966158
24883423
11966216
11966162
11966160
5280765
46224537
1826
45259165
151438
440611
24478
5779
22212495
246520
644119
92819
447123
64959
10690
53481430
1018
25229571
25229587
25229584
25229586
25229583
25229585
53481548
8215
24906329
19913541
79803
107564
439639
67894139
13489094
439606
4424653
53481538
53481573
3081402
10964
182416
152971
65076
20845972
3845
496
123689
165067
21252281
6443609
22833562
53480665
53481428
53481423
5280771
440623
440624
53481588
9061
440711
24820763
2733768
439715
101543
23657850
10663203
54456
100185
124148
134505
6180
80283
5288144
22833602
404025
169485
464
36937
92810
92786
147043
53481565
53481566
53481583
53481582
162602
53481564
53481568
9962735
24205
55189
247304
9943542
133098
440560
1864
546304
193872
10855600
14181658
13932711
114683
147311
15942872
11740284
99715
22833541
1176
5781
439374
5280888
53481421
53481425
5280876
3081088
5280877
53481509
53481513
5280893
188277
5280915
321
56927963
441253
15818
23724604
159663
5282768
5281116
5356421
10236635
6246154
9966640
5283128
53481526
250388
204
145925
5280720
8158
2266
114678
5283052
53481445
53481449
53481447
53481448
53481507
5280733
1831
5283192
5283125
1766
53481592
5280937
5280892
21158465
5281912
5280388
440858
53936694
1437
5283048
16019966
1179
53477716
115245
72222
440071
22069
41063
217390
540
196
9543333
10245190
53481651
53481669
168381
12736
22833575
566787
440600
53481691
49859586
439829
6426851
22833596
6426853
5280769
53481667
53481622
244872
2969
53481608
53481606
10459
24892790
24892791
439337
11953876
53477848
53481563
439607
5282922
53477830
5192
10457
5460362
11163
93131
94244
441476
6426709
115015
6021
988
65110
8704
439278
588
439258
71920
1066
5283203
18189
5283202
5353269
6453659
69362
1670
6439848
1589
24779463
53480465
53480469
24779481
16081932
497299
3032849
5460407
736715
5283157
6288
185
68344
2879
4615423
21100
115116
457
445794
92843
121893
9988135
6442190
5287554
6289935
91637
5376507
29936
159296
65058
79101
493570
172313
10400369
440304
41635
105
151187
1130
788
802
166760
597
22833604
33037
644160
123912
150841
128
440194
530
53477720
11970
53480357
5312983
11141754
558
101771
171161
16061126
5283158
440862
12835
1021
96215
439402
7991
8094
8180
12530
5312400
53477847
12591
5312531
16898
5282771
17085
5312557
53481591
890
96023992
17396508
83944
6336410
9547253
24526
8988
71077
867
32051
205449
656745
105061
439702
129846
743
